<?xml version="1.0"?>
<opencv_storage>
<cameraMatrix type_id="opencv-matrix">
  <rows>3</rows>
  <cols>3</cols>
  <dt>d</dt>
  <data>
    6.5698406385720955e+02 0. 3.8820262981967113e+02 0.
    6.2590526682332757e+02 2.3212032285579505e+02 0. 0. 1.</data></cameraMatrix>
<distCoeffs type_id="opencv-matrix">
  <rows>1</rows>
  <cols>5</cols>
  <dt>d</dt>
  <data>
    1.2038621076879039e+00 -2.3088666325952008e+00
    -3.5058803589848336e-02 1.6633839860459113e-01
    2.4812579099056107e+00</data></distCoeffs>
</opencv_storage>
